/Artifact <</Attached [/Top]/Type/Pagination/Subtype/Header>> BDC /GS5 gs
0.753 g
98.902 267.33 m
99.256 266.98 99.545 266.65 99.773 266.39 c
100 266.12 100.18 265.86 100.26 265.67 c
100.37 265.45 100.4 265.26 100.42 265.11 c
100.4 264.93 100.33 264.81 100.24 264.71 c
97.947 262.42 95.658 260.13 93.364 257.84 c
103.63 247.57 113.89 237.31 124.16 227.04 c
124.3 226.91 124.42 226.75 124.47 226.59 c
124.53 226.41 124.53 226.26 124.45 226.08 c
124.41 225.86 124.31 225.66 124.15 225.39 c
123.97 225.15 123.73 224.86 123.41 224.55 c
123.11 224.25 122.83 224.01 122.59 223.83 c
122.33 223.67 122.1 223.55 121.88 223.51 c
121.7 223.43 121.54 223.43 121.37 223.49 c
121.21 223.54 121.05 223.66 120.92 223.8 c
110.65 234.07 100.39 244.33 90.12 254.6 c
87.826 252.3 85.537 250.01 83.249 247.72 c
83.153 247.63 83.027 247.56 82.876 247.57 c
82.696 247.56 82.528 247.6 82.306 247.72 c
82.114 247.8 81.855 247.98 81.591 248.21 c
81.309 248.42 80.984 248.7 80.63 249.06 c
80.27 249.42 79.987 249.74 79.753 250.04 c
79.519 250.31 79.345 250.57 79.23 250.79 c
79.122 251.01 79.074 251.18 79.086 251.36 c
79.074 251.52 79.146 251.64 79.242 251.73 c
84.901 257.39 90.565 263.05 96.229 268.72 c
96.325 268.81 96.445 268.89 96.625 268.9 c
96.782 268.89 96.968 268.86 97.184 268.75 c
97.406 268.63 97.665 268.46 97.935 268.23 c
98.223 267.97 98.542 267.69 98.902 267.33 c
h
f*
135.95 265.62 m
136.66 264.91 137.03 264.29 137.09 263.73 c
137.15 263.19 137.02 262.74 136.7 262.42 c
132.98 258.7 129.25 254.97 125.52 251.24 c
126.9 249.87 128.23 248.74 129.51 247.82 c
130.8 246.91 132.06 246.31 133.29 245.94 c
134.51 245.57 135.7 245.57 136.83 245.87 c
137.94 246.14 139.04 246.8 140.05 247.82 c
140.86 248.63 141.48 249.46 141.92 250.3 c
142.35 251.11 142.71 251.85 142.93 252.57 c
143.13 253.27 143.3 253.86 143.4 254.36 c
143.49 254.84 143.64 255.14 143.79 255.29 c
143.89 255.39 143.99 255.44 144.12 255.46 c
144.26 255.43 144.4 255.41 144.58 255.31 c
144.75 255.2 144.95 255.08 145.19 254.88 c
145.46 254.65 145.75 254.4 146.08 254.07 c
146.32 253.82 146.52 253.63 146.67 253.44 c
146.84 253.23 146.98 253.09 147.09 252.94 c
147.21 252.78 147.31 252.61 147.38 252.46 c
147.43 252.29 147.49 252.13 147.51 251.98 c
147.55 251.8 147.5 251.43 147.39 250.87 c
147.3 250.28 147.07 249.64 146.75 248.87 c
146.43 248.1 145.99 247.29 145.49 246.39 c
144.94 245.5 144.26 244.67 143.45 243.86 c
142.05 242.46 140.55 241.49 138.93 241.05 c
137.3 240.58 135.58 240.49 133.75 240.91 c
131.9 241.33 129.95 242.16 127.93 243.48 c
125.9 244.81 123.73 246.59 121.5 248.81 c
119.39 250.93 117.66 253.04 116.33 255.11 c
115.03 257.16 114.15 259.17 113.67 261.07 c
113.17 262.94 113.16 264.72 113.52 266.35 c
113.87 267.99 114.71 269.42 115.96 270.67 c
117.3 272.01 118.73 272.85 120.32 273.15 c
121.87 273.43 123.47 273.41 125.11 272.95 c
126.78 272.47 128.48 271.72 130.15 270.59 c
131.86 269.44 133.51 268.07 135.13 266.45 c
135.4 266.17 135.67 265.9 135.95 265.62 c
h
131.48 263.84 m
129.13 266.26 126.89 267.75 124.78 268.34 c
122.66 268.93 120.84 268.47 119.33 266.95 c
118.56 266.18 118.1 265.31 117.94 264.3 c
117.77 263.31 117.85 262.24 118.15 261.16 c
118.45 260.07 118.95 258.95 119.65 257.83 c
120.38 256.7 121.2 255.6 122.2 254.57 c
125.29 257.66 128.38 260.75 131.48 263.84 c
h
f*
162.57 272.92 m
162.87 272.62 163.15 272.34 163.35 272.11 c
163.57 271.84 163.74 271.63 163.86 271.47 c
163.99 271.26 164.09 271.1 164.17 270.95 c
164.25 270.75 164.31 270.49 164.39 270.12 c
164.46 269.7 164.46 269.16 164.42 268.46 c
164.41 267.73 164.28 267.01 164.06 266.29 c
163.87 265.54 163.56 264.8 163.18 264.08 c
162.8 263.37 162.29 262.7 161.71 262.12 c
160.47 260.89 159.1 260.1 157.58 259.74 c
156.05 259.4 154.38 259.45 152.64 259.97 c
150.88 260.47 149 261.33 147.04 262.66 c
145.09 263.95 143.01 265.66 140.88 267.8 c
138.43 270.24 136.56 272.54 135.21 274.71 c
133.87 276.83 133.04 278.83 132.61 280.68 c
132.17 282.49 132.22 284.17 132.62 285.69 c
133.05 287.17 133.83 288.48 134.94 289.59 c
135.49 290.14 136.1 290.59 136.74 290.96 c
137.4 291.33 138.04 291.6 138.72 291.78 c
139.4 291.96 140.06 292.08 140.7 292.11 c
141.32 292.13 141.84 292.1 142.21 292.03 c
142.58 291.96 142.86 291.91 143.06 291.83 c
143.25 291.75 143.42 291.65 143.63 291.52 c
143.85 291.37 144.07 291.19 144.31 290.99 c
144.54 290.79 144.82 290.52 145.15 290.19 c
145.86 289.48 146.3 288.92 146.46 288.54 c
146.65 288.13 146.65 287.85 146.49 287.68 c
146.29 287.49 145.92 287.45 145.37 287.51 c
144.83 287.57 144.17 287.57 143.44 287.55 c
142.71 287.54 141.9 287.43 141.07 287.21 c
140.21 286.97 139.46 286.48 138.72 285.74 c
137.23 284.25 136.88 282.27 137.78 279.81 c
138.67 277.33 140.69 274.48 143.88 271.29 c
145.47 269.7 146.98 268.42 148.37 267.44 c
149.78 266.44 151.1 265.74 152.29 265.33 c
153.48 264.92 154.6 264.85 155.57 265.04 c
156.56 265.2 157.42 265.68 158.17 266.44 c
158.89 267.16 159.36 267.94 159.57 268.82 c
159.78 269.7 159.91 270.52 159.89 271.34 c
159.89 272.11 159.87 272.8 159.81 273.4 c
159.77 273.97 159.82 274.35 159.97 274.5 c
160.07 274.59 160.17 274.63 160.31 274.61 c
160.45 274.58 160.62 274.53 160.84 274.42 c
161.06 274.27 161.33 274.09 161.59 273.86 c
161.88 273.61 162.21 273.28 162.57 272.92 c
h
f*
185.1 287.92 m
185.23 287.78 185.35 287.63 185.38 287.49 c
185.43 287.32 185.44 287.17 185.41 286.97 c
185.38 286.77 185.28 286.57 185.1 286.34 c
184.92 286.1 184.7 285.83 184.4 285.53 c
184.07 285.21 183.8 284.98 183.57 284.81 c
183.34 284.62 183.13 284.53 182.93 284.5 c
182.74 284.47 182.59 284.47 182.41 284.53 c
182.27 284.56 182.12 284.67 181.98 284.81 c
177.16 289.63 172.34 294.46 167.52 299.27 c
166.12 300.68 164.89 301.75 163.89 302.45 c
162.88 303.15 161.91 303.66 161 304.01 c
160.09 304.37 159.24 304.44 158.46 304.32 c
157.66 304.19 156.97 303.82 156.36 303.21 c
155.59 302.44 155.19 301.24 155.23 299.67 c
155.27 298.1 155.58 296.08 156.31 293.68 c
162.07 287.91 167.83 282.16 173.58 276.41 c
173.72 276.27 173.83 276.12 173.86 275.97 c
173.92 275.81 173.92 275.65 173.89 275.45 c
173.86 275.26 173.76 275.05 173.58 274.82 c
173.4 274.58 173.18 274.31 172.86 273.99 c
172.56 273.69 172.29 273.47 172.05 273.29 c
171.82 273.11 171.61 273.01 171.42 272.98 c
171.2 272.93 171.05 272.93 170.9 273.01 c
170.76 273.04 170.6 273.15 170.46 273.29 c
158.24 285.51 146.02 297.74 133.79 309.96 c
133.66 310.1 133.54 310.26 133.49 310.42 c
133.41 310.57 133.41 310.73 133.46 310.94 c
133.48 311.14 133.58 311.35 133.76 311.58 c
133.94 311.81 134.16 312.09 134.46 312.39 c
134.78 312.71 135.06 312.93 135.29 313.11 c
135.52 313.29 135.73 313.39 135.93 313.41 c
136.12 313.44 136.28 313.44 136.45 313.38 c
136.62 313.33 136.77 313.21 136.91 313.08 c
141.84 308.14 146.77 303.21 151.71 298.28 c
151.2 300.54 151.13 302.46 151.33 304.05 c
151.56 305.62 152.15 306.86 153.08 307.78 c
154.21 308.92 155.45 309.62 156.77 309.83 c
158.13 310.01 159.49 309.92 160.89 309.45 c
162.29 308.97 163.75 308.25 165.2 307.22 c
166.66 306.16 168.27 304.75 170.06 302.96 c
175.06 297.95 180.08 292.94 185.1 287.92 c
h
f*
205.41 308.24 m
205.55 308.1 205.66 307.95 205.69 307.81 c
205.75 307.64 205.75 307.48 205.72 307.29 c
205.69 307.09 205.6 306.88 205.41 306.65 c
205.24 306.42 205.01 306.15 204.71 305.84 c
204.39 305.52 204.12 305.3 203.88 305.12 c
203.65 304.94 203.45 304.84 203.25 304.81 c
203.05 304.78 202.9 304.79 202.73 304.84 c
202.59 304.87 202.44 304.99 202.3 305.12 c
197.48 309.95 192.65 314.77 187.83 319.59 c
186.43 320.99 185.2 322.06 184.2 322.77 c
183.2 323.47 182.22 323.97 181.32 324.33 c
180.4 324.69 179.56 324.75 178.78 324.65 c
177.98 324.51 177.28 324.13 176.67 323.53 c
175.91 322.76 175.5 321.55 175.55 319.98 c
175.58 318.41 175.89 316.39 176.63 313.99 c
182.39 308.23 188.14 302.47 193.9 296.72 c
194.03 296.58 194.15 296.43 194.17 296.29 c
194.23 296.12 194.23 295.96 194.21 295.77 c
194.18 295.57 194.08 295.37 193.9 295.14 c
193.72 294.89 193.5 294.63 193.17 294.31 c
192.87 294.01 192.6 293.78 192.36 293.6 c
192.14 293.42 191.93 293.33 191.73 293.3 c
191.52 293.25 191.36 293.25 191.21 293.33 c
191.07 293.36 190.92 293.47 190.78 293.6 c
182.54 301.84 174.31 310.07 166.07 318.31 c
165.94 318.45 165.82 318.61 165.75 318.75 c
165.7 318.87 165.67 319.06 165.7 319.26 c
165.72 319.45 165.83 319.65 165.97 319.85 c
166.11 320.05 166.36 320.3 166.64 320.58 c
166.92 320.86 167.15 321.09 167.36 321.25 c
167.57 321.39 167.77 321.49 167.95 321.5 c
168.12 321.51 168.31 321.48 168.45 321.45 c
168.59 321.38 168.75 321.26 168.89 321.13 c
169.98 320.04 171.07 318.94 172.16 317.86 c
171.53 320.38 171.39 322.45 171.6 324.16 c
171.8 325.82 172.43 327.14 173.39 328.1 c
174.52 329.23 175.76 329.93 177.08 330.15 c
178.44 330.33 179.8 330.24 181.2 329.76 c
182.61 329.29 184.07 328.57 185.51 327.53 c
186.98 326.48 188.59 325.06 190.34 323.31 c
195.36 318.28 200.39 313.26 205.41 308.24 c
h
f*
214.27 342.35 m
216.27 340.35 217.95 338.29 219.27 336.26 c
220.62 334.21 221.5 332.2 222.04 330.24 c
222.55 328.27 222.54 326.44 222.17 324.67 c
221.78 322.89 220.85 321.26 219.42 319.83 c
218.02 318.43 216.52 317.52 214.87 317.1 c
213.22 316.67 211.48 316.66 209.63 317.13 c
207.78 317.59 205.87 318.46 203.88 319.77 c
201.9 321.09 199.85 322.78 197.77 324.86 c
195.76 326.87 194.1 328.93 192.75 330.99 c
191.42 333.01 190.52 335.01 190.01 336.97 c
189.47 338.92 189.47 340.76 189.85 342.53 c
190.23 344.29 191.17 345.88 192.63 347.34 c
194.03 348.74 195.55 349.67 197.2 350.09 c
198.85 350.52 200.57 350.52 202.42 350.05 c
204.27 349.57 206.19 348.71 208.19 347.41 c
210.17 346.1 212.21 344.41 214.27 342.35 c
h
211.34 338.82 m
210 340.17 208.64 341.33 207.29 342.35 c
205.94 343.36 204.61 344.1 203.31 344.62 c
202.02 345.15 200.77 345.31 199.58 345.18 c
198.38 345.03 197.29 344.42 196.29 343.42 c
195.36 342.49 194.78 341.43 194.6 340.3 c
194.42 339.17 194.54 337.94 194.96 336.66 c
195.42 335.35 196.14 334 197.12 332.61 c
198.09 331.23 199.3 329.79 200.7 328.39 c
202.05 327.05 203.43 325.86 204.78 324.84 c
206.12 323.83 207.46 323.08 208.73 322.59 c
210.03 322.07 211.24 321.94 212.45 322.09 c
213.63 322.21 214.76 322.8 215.76 323.8 c
216.68 324.72 217.24 325.76 217.44 326.91 c
217.62 328.04 217.51 329.27 217.07 330.56 c
216.65 331.84 215.95 333.21 214.97 334.6 c
213.99 335.97 212.77 337.39 211.34 338.82 c
h
f*
211.88 380.31 m
212.23 379.95 212.52 379.63 212.75 379.36 c
212.98 379.1 213.13 378.82 213.22 378.63 c
213.33 378.41 213.36 378.22 213.37 378.06 c
213.36 377.89 213.31 377.79 213.21 377.69 c
210.23 374.71 207.25 371.72 204.27 368.75 c
208.29 364.72 212.32 360.7 216.35 356.67 c
219.17 359.48 221.98 362.3 224.81 365.12 c
224.9 365.21 225 365.27 225.15 365.31 c
225.3 365.3 225.49 365.27 225.68 365.18 c
225.88 365.11 226.13 364.97 226.39 364.74 c
226.66 364.51 227.01 364.2 227.39 363.82 c
227.75 363.47 228 363.17 228.23 362.9 c
228.46 362.64 228.63 362.36 228.7 362.16 c
228.81 361.95 228.84 361.76 228.85 361.6 c
228.84 361.42 228.82 361.29 228.73 361.2 c
225.9 358.38 223.09 355.56 220.27 352.74 c
225.2 347.81 230.13 342.88 235.06 337.95 c
235.2 337.81 235.29 337.68 235.35 337.51 c
235.43 337.32 235.43 337.16 235.35 336.98 c
235.3 336.76 235.21 336.56 235.05 336.29 c
234.88 336.06 234.64 335.77 234.31 335.45 c
234.01 335.14 233.72 334.9 233.48 334.72 c
233.23 334.57 233 334.45 232.78 334.41 c
232.6 334.33 232.45 334.33 232.25 334.41 c
232.08 334.47 231.95 334.56 231.81 334.7 c
220.85 345.66 209.89 356.62 198.94 367.58 c
198.22 368.29 197.86 368.92 197.82 369.49 c
197.78 370.01 197.94 370.43 198.22 370.71 c
201.88 374.37 205.55 378.04 209.21 381.7 c
209.3 381.79 209.4 381.85 209.58 381.85 c
209.74 381.85 209.93 381.82 210.14 381.71 c
210.37 381.59 210.64 381.44 210.91 381.2 c
211.2 380.95 211.52 380.67 211.88 380.31 c
h
f*
262.08 364.85 m
262.3 364.63 262.4 364.41 262.42 364.2 c
262.44 364 262.36 363.77 262.26 363.54 c
262.14 363.32 261.9 363.03 261.56 362.69 c
261.24 362.37 260.95 362.13 260.71 361.99 c
260.44 361.84 260.23 361.79 260.03 361.81 c
259.82 361.83 259.62 361.95 259.4 362.17 c
258.57 363 257.75 363.82 256.93 364.64 c
257.36 362.76 257.4 361.02 257.14 359.48 c
256.86 357.92 256.22 356.63 255.2 355.61 c
254.31 354.72 253.34 354.07 252.29 353.69 c
251.19 353.31 250.09 353.18 248.96 353.32 c
247.82 353.45 246.62 353.84 245.4 354.49 c
244.19 355.15 242.96 356.06 241.79 357.24 c
240.39 358.64 239.38 360.04 238.75 361.45 c
238.12 362.85 237.84 364.26 237.88 365.68 c
237.91 367.11 238.33 368.48 239.02 369.9 c
239.74 371.29 240.77 372.64 242.09 373.97 c
242.87 374.75 243.65 375.53 244.43 376.31 c
243.8 376.94 243.16 377.59 242.51 378.23 c
241.56 379.18 240.66 379.93 239.78 380.54 c
238.91 381.15 238.08 381.52 237.28 381.72 c
236.49 381.87 235.71 381.85 234.97 381.61 c
234.23 381.37 233.52 380.87 232.81 380.15 c
232.03 379.38 231.48 378.57 231.13 377.71 c
230.79 376.81 230.55 375.98 230.4 375.23 c
230.27 374.43 230.18 373.74 230.13 373.2 c
230.09 372.61 230 372.24 229.84 372.08 c
229.75 371.99 229.63 371.93 229.47 371.93 c
229.32 371.94 229.14 371.99 228.96 372.07 c
228.76 372.16 228.51 372.29 228.25 372.52 c
228.01 372.72 227.74 372.94 227.46 373.22 c
227 373.68 226.66 374.07 226.44 374.4 c
226.23 374.68 226.1 375.05 226.02 375.45 c
225.94 375.87 225.96 376.43 226.04 377.18 c
226.14 377.9 226.33 378.66 226.6 379.49 c
226.89 380.29 227.27 381.09 227.71 381.92 c
228.19 382.73 228.75 383.46 229.41 384.12 c
230.63 385.34 231.86 386.2 233.13 386.63 c
234.4 387.05 235.67 387.2 236.96 386.95 c
238.28 386.66 239.63 386.1 241.02 385.19 c
242.42 384.27 243.88 383.05 245.42 381.51 c
250.97 375.96 256.53 370.4 262.08 364.85 c
h
247.7 373.04 m
246.81 372.15 245.92 371.26 245.04 370.37 c
244.19 369.53 243.54 368.66 243.11 367.84 c
242.72 367 242.48 366.17 242.48 365.35 c
242.48 364.52 242.66 363.72 243.06 362.96 c
243.43 362.17 244.01 361.39 244.75 360.65 c
246.04 359.36 247.35 358.64 248.65 358.46 c
249.97 358.22 251.14 358.64 252.15 359.65 c
252.96 360.46 253.44 361.53 253.53 362.83 c
253.61 364.13 253.43 365.79 252.95 367.8 c
251.2 369.54 249.45 371.29 247.7 373.04 c
h
f*
270.89 373.71 m
271.03 373.57 271.14 373.42 271.16 373.28 c
271.22 373.11 271.22 372.96 271.2 372.76 c
271.17 372.57 271.07 372.36 270.89 372.13 c
270.71 371.89 270.49 371.62 270.17 371.3 c
269.87 371 269.6 370.78 269.36 370.6 c
269.13 370.42 268.92 370.32 268.73 370.29 c
268.51 370.24 268.35 370.24 268.2 370.32 c
268.06 370.35 267.91 370.46 267.77 370.6 c
259.54 378.83 251.3 387.07 243.07 395.3 c
242.93 395.44 242.84 395.57 242.79 395.73 c
242.71 395.88 242.71 396.04 242.76 396.26 c
242.79 396.45 242.89 396.66 243.06 396.89 c
243.25 397.13 243.46 397.4 243.76 397.7 c
244.09 398.03 244.36 398.24 244.59 398.42 c
244.83 398.6 245.04 398.7 245.23 398.73 c
245.43 398.75 245.58 398.75 245.75 398.69 c
245.92 398.65 246.04 398.56 246.18 398.42 c
254.42 390.18 262.65 381.95 270.89 373.71 c
h
238.2 407.12 m
239.27 406.05 239.84 405.21 239.95 404.54 c
240.06 403.87 239.74 403.17 239 402.43 c
238.26 401.69 237.58 401.39 236.93 401.52 c
236.29 401.6 235.45 402.17 234.4 403.22 c
233.33 404.29 232.75 405.13 232.65 405.8 c
232.54 406.47 232.87 407.17 233.6 407.9 c
234.34 408.64 235.02 408.95 235.66 408.87 c
236.31 408.74 237.16 408.17 238.2 407.12 c
h
f*
263.49 412.49 m
263.9 412.08 264.23 411.75 264.49 411.45 c
264.74 411.16 264.95 410.92 265.04 410.74 c
265.17 410.54 265.24 410.4 265.27 410.26 c
265.3 410.12 265.25 409.97 265.16 409.87 c
265.07 409.78 264.88 409.7 264.67 409.66 c
264.43 409.59 264.18 409.49 263.93 409.41 c
263.66 409.31 263.39 409.15 263.09 409 c
262.78 408.86 262.5 408.65 262.24 408.38 c
261.91 408.06 261.69 407.68 261.59 407.18 c
261.48 406.69 261.45 406.06 261.55 405.33 c
261.63 404.58 261.83 403.64 262.17 402.6 c
262.5 401.56 262.92 400.28 263.51 398.84 c
268.92 393.42 274.34 388 279.76 382.58 c
279.9 382.45 280.01 382.3 280.04 382.16 c
280.1 381.99 280.1 381.83 280.07 381.64 c
280.04 381.44 279.95 381.23 279.76 381 c
279.59 380.76 279.36 380.49 279.04 380.17 c
278.74 379.87 278.47 379.65 278.23 379.47 c
278 379.29 277.8 379.19 277.6 379.16 c
277.38 379.11 277.22 379.11 277.07 379.19 c
276.94 379.22 276.79 379.34 276.65 379.47 c
268.41 387.71 260.18 395.94 251.94 404.18 c
251.8 404.32 251.68 404.47 251.61 404.62 c
251.56 404.74 251.53 404.92 251.56 405.12 c
251.59 405.32 251.7 405.52 251.84 405.72 c
251.97 405.91 252.22 406.16 252.5 406.44 c
252.79 406.73 253.01 406.95 253.23 407.12 c
253.43 407.25 253.63 407.36 253.81 407.37 c
253.99 407.37 254.17 407.34 254.32 407.32 c
254.46 407.25 254.62 407.13 254.75 406.99 c
255.96 405.79 257.15 404.59 258.35 403.39 c
257.82 404.84 257.48 406.09 257.25 407.13 c
257.01 408.15 256.93 409.05 256.93 409.76 c
256.92 410.48 257.07 411.1 257.28 411.6 c
257.5 412.1 257.81 412.52 258.16 412.87 c
258.33 413.04 258.52 413.23 258.76 413.41 c
258.99 413.58 259.25 413.75 259.56 413.88 c
259.87 414.03 260.17 414.15 260.43 414.26 c
260.68 414.35 260.93 414.38 261.09 414.37 c
261.24 414.35 261.39 414.33 261.48 414.27 c
261.58 414.2 261.73 414.14 261.89 414.02 c
262.05 413.9 262.21 413.73 262.48 413.5 c
262.72 413.25 263.08 412.9 263.49 412.49 c
h
f*
303.56 408.75 m
303.92 408.39 304.17 408.1 304.38 407.81 c
304.59 407.52 304.73 407.28 304.8 407.09 c
304.88 406.89 304.92 406.7 304.9 406.57 c
304.89 406.39 304.84 406.29 304.75 406.2 c
300.49 401.94 296.24 397.69 291.98 393.44 c
291.89 393.34 291.78 393.29 291.63 393.3 c
291.5 393.28 291.31 393.32 291.11 393.4 c
290.91 393.46 290.66 393.59 290.37 393.8 c
290.08 394.02 289.8 394.27 289.44 394.63 c
289.11 394.96 288.85 395.25 288.64 395.53 c
288.43 395.82 288.3 396.06 288.19 396.29 c
288.11 396.48 288.03 396.67 288.04 396.85 c
288.03 397.01 288.1 397.13 288.19 397.23 c
289.89 398.93 291.59 400.63 293.29 402.33 c
284.29 411.33 275.29 420.33 266.29 429.33 c
266.1 426.4 265.83 423.46 265.66 420.52 c
265.6 420.08 265.52 419.78 265.41 419.63 c
265.29 419.45 265.15 419.36 264.92 419.4 c
264.71 419.42 264.47 419.56 264.17 419.81 c
263.86 420.05 263.49 420.38 263.07 420.8 c
262.77 421.1 262.51 421.39 262.31 421.63 c
262.11 421.87 261.94 422.08 261.84 422.26 c
261.74 422.43 261.67 422.62 261.63 422.81 c
261.57 422.97 261.56 423.18 261.56 423.4 c
261.65 427.03 261.86 430.65 261.94 434.28 c
261.94 434.38 261.95 434.5 262 434.6 c
262.05 434.7 262.09 434.85 262.17 434.99 c
262.26 435.13 262.36 435.29 262.48 435.47 c
262.64 435.62 262.83 435.81 263.06 436.04 c
263.36 436.34 263.63 436.56 263.86 436.73 c
264.09 436.92 264.3 437.02 264.47 437.07 c
264.67 437.11 264.83 437.1 264.95 437.05 c
265.09 436.98 265.22 436.89 265.33 436.78 c
275.74 426.37 286.13 415.97 296.54 405.57 c
298.01 407.04 299.48 408.52 300.96 409.99 c
301.05 410.08 301.17 410.15 301.35 410.16 c
301.53 410.17 301.74 410.11 301.94 410.03 c
302.16 409.92 302.38 409.77 302.67 409.56 c
302.94 409.33 303.23 409.08 303.56 408.75 c
h
f*
323.15 428.34 m
323.51 427.98 323.76 427.69 323.98 427.41 c
324.19 427.12 324.32 426.87 324.4 426.68 c
324.48 426.49 324.52 426.3 324.5 426.17 c
324.49 425.99 324.44 425.89 324.34 425.8 c
320.09 421.54 315.83 417.29 311.58 413.04 c
311.49 412.94 311.38 412.89 311.23 412.9 c
311.1 412.88 310.9 412.91 310.71 413 c
310.51 413.06 310.25 413.19 309.97 413.4 c
309.68 413.61 309.39 413.86 309.03 414.22 c
308.7 414.55 308.45 414.85 308.24 415.13 c
308.03 415.42 307.9 415.66 307.79 415.88 c
307.7 416.08 307.63 416.27 307.64 416.45 c
307.63 416.61 307.7 416.73 307.79 416.83 c
309.49 418.52 311.19 420.22 312.89 421.92 c
303.89 430.92 294.88 439.92 285.88 448.93 c
285.7 446 285.43 443.06 285.25 440.12 c
285.2 439.68 285.12 439.38 285.01 439.23 c
284.89 439.05 284.75 438.96 284.52 439 c
284.31 439.02 284.06 439.15 283.77 439.41 c
283.46 439.65 283.09 439.98 282.67 440.4 c
282.37 440.7 282.11 440.99 281.91 441.23 c
281.71 441.47 281.54 441.68 281.44 441.86 c
281.34 442.03 281.26 442.22 281.23 442.41 c
281.17 442.57 281.16 442.78 281.16 443 c
281.25 446.63 281.45 450.24 281.54 453.87 c
281.54 453.98 281.54 454.09 281.6 454.19 c
281.64 454.3 281.68 454.45 281.77 454.59 c
281.86 454.73 281.96 454.89 282.08 455.07 c
282.23 455.22 282.43 455.41 282.65 455.63 c
282.96 455.94 283.23 456.16 283.46 456.33 c
283.69 456.52 283.9 456.62 284.07 456.67 c
284.26 456.7 284.42 456.69 284.54 456.65 c
284.69 456.58 284.82 456.49 284.93 456.37 c
295.33 445.97 305.73 435.57 316.14 425.17 c
317.61 426.64 319.08 428.11 320.55 429.59 c
320.65 429.68 320.77 429.75 320.95 429.75 c
321.13 429.77 321.34 429.71 321.53 429.63 c
321.75 429.51 321.98 429.37 322.27 429.15 c
322.53 428.93 322.82 428.67 323.15 428.34 c
h
f*
345.12 432.47 m
345.42 432.16 345.65 431.9 345.85 431.66 c
346.02 431.45 346.16 431.25 346.23 431.05 c
346.29 430.89 346.29 430.73 346.3 430.58 c
346.31 430.41 346.26 430.31 346.19 430.23 c
346.04 429.92 345.88 429.71 345.74 429.51 c
345.57 429.34 345.36 429.14 345.12 428.89 c
344.26 428.04 343.39 427.55 342.46 427.39 c
341.5 427.27 340.5 427.41 339.42 427.86 c
338.31 428.35 337.13 429.09 335.84 430.16 c
334.55 431.23 332.95 432.7 331 434.66 c
329.12 436.54 327.24 438.42 325.35 440.31 c
324.11 441.54 323.04 442.5 322.18 443.18 c
321.3 443.84 320.44 444.34 319.66 444.72 c
318.86 445.07 318.11 445.25 317.41 445.27 c
316.69 445.28 316.09 445.04 315.51 444.63 c
315.37 444.55 315.22 444.51 315.06 444.52 c
314.93 444.5 314.8 444.52 314.62 444.62 c
314.43 444.7 314.22 444.83 313.98 445.03 c
313.77 445.2 313.51 445.43 313.23 445.71 c
312.93 446.01 312.71 446.27 312.53 446.48 c
312.36 446.69 312.18 446.9 312.1 447.1 c
312 447.28 311.98 447.42 312 447.55 c
312.01 447.67 312.06 447.82 312.14 447.97 c
312.93 449.03 312.98 450.39 312.26 452.04 c
311.55 453.64 310.09 455.57 307.81 457.85 c
306.34 459.32 304.86 460.8 303.39 462.27 c
301.47 464.19 299.99 465.79 298.94 467.1 c
297.87 468.39 297.15 469.58 296.67 470.69 c
296.18 471.81 296.04 472.8 296.16 473.76 c
296.3 474.68 296.8 475.55 297.63 476.38 c
297.88 476.62 298.06 476.81 298.23 476.98 c
298.41 477.11 298.63 477.27 298.94 477.41 c
299.03 477.5 299.13 477.55 299.28 477.6 c
299.44 477.58 299.6 477.58 299.79 477.49 c
299.99 477.42 300.19 477.29 300.4 477.12 c
300.63 476.92 300.9 476.68 301.2 476.38 c
301.5 476.08 301.76 475.79 301.94 475.58 c
302.13 475.34 302.29 475.12 302.37 474.92 c
302.45 474.73 302.48 474.54 302.46 474.41 c
302.43 474.26 302.36 474.14 302.27 474.05 c
302.02 473.78 301.77 473.51 301.52 473.24 c
301.22 472.94 301.03 472.59 300.96 472.25 c
300.93 471.88 301.05 471.4 301.36 470.83 c
301.7 470.23 302.18 469.52 302.93 468.66 c
303.64 467.79 304.81 466.55 306.43 464.93 c
307.77 463.59 309.11 462.26 310.44 460.92 c
311.79 459.58 312.85 458.39 313.7 457.37 c
314.56 456.31 315.22 455.27 315.72 454.28 c
316.2 453.28 316.5 452.28 316.6 451.32 c
316.72 450.34 316.57 449.43 316.1 448.57 c
316.96 449.04 317.84 449.22 318.8 449.13 c
319.78 449.01 320.78 448.7 321.79 448.22 c
322.8 447.69 323.84 447.03 324.87 446.19 c
325.89 445.35 327.1 444.26 328.45 442.91 c
330.18 441.18 331.93 439.44 333.66 437.7 c
335.28 436.08 336.5 434.94 337.36 434.2 c
338.2 433.46 338.92 432.97 339.52 432.63 c
340.09 432.32 340.56 432.19 340.94 432.24 c
341.31 432.28 341.64 432.44 341.92 432.72 c
342.19 432.98 342.47 433.23 342.74 433.49 c
342.85 433.6 342.98 433.67 343.13 433.71 c
343.27 433.75 343.46 433.72 343.65 433.63 c
343.85 433.56 344.05 433.43 344.29 433.23 c
344.5 433.05 344.79 432.79 345.12 432.47 c
h
f*
364.87 468.42 m
365.06 468.11 365.2 467.81 365.25 467.58 c
365.32 467.33 365.27 467.07 365.19 466.81 c
365.14 466.53 364.96 466.25 364.74 465.98 c
364.51 465.69 364.21 465.34 363.83 464.96 c
363.44 464.57 363.09 464.27 362.79 464.03 c
362.49 463.78 362.21 463.6 361.92 463.55 c
361.67 463.46 361.43 463.44 361.17 463.51 c
360.94 463.55 360.67 463.71 360.36 463.9 c
349.74 471.18 339.04 478.33 328.43 485.6 c
328.42 485.59 328.4 485.57 328.39 485.56 c
335.79 475.08 343.08 464.51 350.49 454.03 c
350.7 453.74 350.86 453.47 350.9 453.23 c
350.97 452.98 350.96 452.75 350.88 452.5 c
350.82 452.22 350.67 451.95 350.45 451.69 c
350.22 451.4 349.9 451.03 349.5 450.63 c
349.09 450.22 348.72 449.9 348.41 449.65 c
348.1 449.39 347.82 449.22 347.54 449.16 c
347.29 449.08 347.04 449.05 346.79 449.12 c
346.55 449.16 346.26 449.3 345.97 449.52 c
332.92 458.35 319.77 467.03 306.71 475.86 c
306.23 476.2 305.86 476.48 305.61 476.73 c
305.35 476.96 305.25 477.18 305.22 477.43 c
305.17 477.66 305.26 477.92 305.48 478.2 c
305.7 478.46 305.99 478.82 306.39 479.21 c
306.78 479.61 307.08 479.91 307.34 480.11 c
307.6 480.31 307.82 480.43 308.03 480.47 c
308.23 480.5 308.39 480.49 308.59 480.41 c
308.75 480.32 308.96 480.19 309.17 480.01 c
320.89 471.88 332.7 463.88 344.41 455.76 c
344.42 455.76 344.43 455.77 344.43 455.77 c
336.23 467.39 328.15 479.07 319.95 490.68 c
319.79 490.91 319.66 491.17 319.58 491.36 c
319.49 491.55 319.49 491.71 319.54 491.92 c
319.59 492.14 319.7 492.36 319.92 492.64 c
320.12 492.89 320.39 493.22 320.77 493.6 c
321.13 493.96 321.45 494.21 321.67 494.39 c
321.91 494.57 322.12 494.67 322.33 494.71 c
322.55 494.76 322.72 494.78 322.92 494.7 c
323.12 494.62 323.34 494.46 323.57 494.31 c
335.31 486.23 347.14 478.29 358.88 470.22 c
358.89 470.23 358.9 470.24 358.91 470.26 c
350.76 481.93 342.73 493.69 334.57 505.36 c
334.41 505.59 334.29 505.8 334.19 505.97 c
334.09 506.15 334.09 506.3 334.14 506.52 c
334.16 506.71 334.28 506.94 334.47 507.19 c
334.66 507.42 334.93 507.76 335.29 508.12 c
335.67 508.49 336 508.76 336.25 508.97 c
336.52 509.11 336.77 509.21 337 509.17 c
337.23 509.12 337.45 509.02 337.7 508.76 c
337.93 508.5 338.22 508.13 338.58 507.67 c
347.39 494.61 356.05 481.46 364.87 468.42 c
h
f*
376.95 506.63 m
377.67 505.91 378.03 505.29 378.09 504.74 c
378.15 504.19 378.03 503.75 377.7 503.42 c
373.98 499.7 370.25 495.98 366.52 492.25 c
367.9 490.87 369.23 489.74 370.52 488.83 c
371.8 487.91 373.06 487.31 374.29 486.94 c
375.52 486.57 376.71 486.57 377.83 486.87 c
378.95 487.15 380.04 487.8 381.05 488.82 c
381.87 489.63 382.48 490.46 382.92 491.3 c
383.35 492.11 383.72 492.85 383.93 493.57 c
384.13 494.27 384.3 494.87 384.41 495.36 c
384.5 495.84 384.65 496.14 384.8 496.29 c
384.89 496.39 384.99 496.44 385.12 496.46 c
385.26 496.43 385.4 496.41 385.58 496.31 c
385.75 496.2 385.96 496.08 386.2 495.88 c
386.46 495.65 386.75 495.4 387.08 495.07 c
387.32 494.82 387.52 494.63 387.67 494.44 c
387.84 494.23 387.98 494.1 388.09 493.95 c
388.21 493.78 388.31 493.61 388.38 493.47 c
388.44 493.3 388.49 493.13 388.52 492.99 c
388.55 492.81 388.5 492.43 388.39 491.87 c
388.3 491.29 388.08 490.64 387.75 489.87 c
387.43 489.1 386.99 488.29 386.49 487.39 c
385.94 486.5 385.26 485.67 384.45 484.86 c
383.05 483.46 381.56 482.5 379.94 482.05 c
378.3 481.58 376.59 481.49 374.75 481.91 c
372.91 482.34 370.96 483.16 368.93 484.49 c
366.9 485.81 364.73 487.59 362.51 489.81 c
360.39 491.93 358.66 494.04 357.33 496.11 c
356.03 498.16 355.15 500.17 354.67 502.07 c
354.17 503.94 354.16 505.72 354.52 507.35 c
354.87 508.99 355.71 510.42 356.96 511.67 c
358.3 513.01 359.73 513.85 361.32 514.15 c
362.87 514.43 364.47 514.41 366.12 513.95 c
367.79 513.47 369.48 512.72 371.16 511.59 c
372.87 510.45 374.51 509.07 376.13 507.45 c
376.41 507.17 376.68 506.9 376.95 506.63 c
h
372.48 504.84 m
370.13 507.26 367.89 508.75 365.78 509.34 c
363.67 509.93 361.85 509.47 360.33 507.95 c
359.56 507.18 359.11 506.31 358.94 505.3 c
358.78 504.31 358.85 503.24 359.15 502.16 c
359.45 501.08 359.95 499.95 360.66 498.84 c
361.38 497.7 362.21 496.6 363.2 495.57 c
366.3 498.66 369.38 501.75 372.48 504.84 c
h
f*
398.23 501.06 m
398.37 500.92 398.49 500.77 398.51 500.63 c
398.57 500.46 398.57 500.3 398.55 500.11 c
398.52 499.91 398.42 499.71 398.23 499.47 c
398.05 499.23 397.84 498.97 397.51 498.64 c
397.21 498.34 396.94 498.12 396.7 497.94 c
396.47 497.76 396.27 497.66 396.07 497.63 c
395.85 497.59 395.7 497.59 395.55 497.66 c
395.41 497.69 395.25 497.8 395.12 497.94 c
382.89 510.16 370.67 522.39 358.45 534.61 c
358.31 534.75 358.19 534.91 358.14 535.07 c
358.06 535.22 358.06 535.38 358.11 535.6 c
358.14 535.79 358.24 536 358.41 536.23 c
358.6 536.47 358.81 536.74 359.11 537.04 c
359.44 537.37 359.71 537.58 359.94 537.76 c
360.18 537.94 360.39 538.04 360.58 538.07 c
360.78 538.09 360.93 538.09 361.1 538.03 c
361.27 537.99 361.42 537.87 361.56 537.73 c
373.79 525.5 386.01 513.28 398.23 501.06 c
h
f*
412.44 522.79 m
412.74 522.49 413.02 522.21 413.22 521.98 c
413.45 521.71 413.62 521.5 413.74 521.35 c
413.87 521.14 413.96 520.97 414.04 520.82 c
414.13 520.63 414.19 520.36 414.26 520 c
414.34 519.58 414.34 519.04 414.29 518.33 c
414.28 517.6 414.16 516.89 413.94 516.16 c
413.75 515.42 413.43 514.67 413.05 513.95 c
412.67 513.24 412.17 512.58 411.58 511.99 c
410.35 510.76 408.98 509.98 407.45 509.62 c
405.93 509.27 404.26 509.33 402.52 509.85 c
400.75 510.34 398.88 511.2 396.92 512.54 c
394.96 513.82 392.89 515.54 390.75 517.68 c
388.31 520.12 386.44 522.42 385.08 524.59 c
383.75 526.71 382.91 528.71 382.48 530.55 c
382.05 532.37 382.1 534.05 382.5 535.56 c
382.93 537.05 383.7 538.35 384.82 539.47 c
385.37 540.02 385.97 540.47 386.62 540.84 c
387.28 541.21 387.92 541.48 388.59 541.66 c
389.28 541.84 389.93 541.95 390.57 541.98 c
391.19 542 391.72 541.98 392.09 541.91 c
392.45 541.83 392.74 541.79 392.93 541.7 c
393.12 541.62 393.3 541.52 393.5 541.4 c
393.73 541.24 393.94 541.07 394.18 540.87 c
394.42 540.67 394.7 540.39 395.03 540.06 c
395.73 539.36 396.17 538.8 396.33 538.42 c
396.53 538 396.53 537.73 396.36 537.55 c
396.17 537.37 395.79 537.33 395.25 537.38 c
394.7 537.45 394.05 537.45 393.31 537.43 c
392.58 537.42 391.78 537.31 390.94 537.09 c
390.09 536.85 389.33 536.35 388.6 535.62 c
387.1 534.12 386.75 532.14 387.66 529.68 c
388.54 527.2 390.56 524.36 393.75 521.17 c
395.34 519.58 396.86 518.3 398.24 517.32 c
399.66 516.32 400.98 515.62 402.17 515.21 c
403.36 514.8 404.47 514.72 405.45 514.92 c
406.44 515.08 407.29 515.56 408.05 516.31 c
408.77 517.04 409.24 517.82 409.44 518.69 c
409.65 519.58 409.79 520.4 409.76 521.21 c
409.77 521.99 409.74 522.67 409.69 523.28 c
409.65 523.85 409.69 524.22 409.84 524.37 c
409.94 524.47 410.05 524.51 410.19 524.48 c
410.33 524.46 410.49 524.41 410.71 524.3 c
410.94 524.15 411.2 523.96 411.47 523.73 c
411.75 523.48 412.08 523.15 412.44 522.79 c
h
f*
418.55 555.69 m
421.27 552.97 423.61 550.32 425.59 547.79 c
427.54 545.24 428.94 542.82 429.91 540.53 c
430.84 538.22 431.18 536.06 430.96 534.06 c
430.78 532.04 429.84 530.25 428.21 528.62 c
426.69 527.1 425 526.15 423.14 525.96 c
421.28 525.72 419.27 525.99 417.08 526.93 c
414.9 527.84 412.54 529.25 410 531.28 c
407.48 533.25 404.76 535.69 401.82 538.63 c
399.1 541.34 396.79 543.97 394.81 546.55 c
392.85 549.1 391.42 551.55 390.46 553.84 c
389.51 556.13 389.19 558.26 389.38 560.28 c
389.6 562.28 390.54 564.07 392.14 565.68 c
393.69 567.23 395.37 568.16 397.23 568.41 c
399.07 568.63 401.1 568.33 403.27 567.42 c
405.48 566.48 407.83 565.06 410.36 563.09 c
412.9 561.07 415.62 558.62 418.55 555.69 c
h
415.56 552.04 m
413.77 553.83 412.14 555.38 410.65 556.68 c
409.16 557.99 407.78 559.14 406.54 560.04 c
405.3 560.94 404.14 561.63 403.08 562.17 c
402.04 562.67 401.07 562.97 400.18 563.12 c
399.31 563.24 398.52 563.15 397.79 562.93 c
397.09 562.67 396.43 562.22 395.82 561.62 c
394.74 560.54 394.23 559.32 394.32 557.92 c
394.41 556.51 394.85 554.99 395.77 553.33 c
396.67 551.65 397.87 549.89 399.48 548.04 c
401.07 546.17 402.83 544.26 404.81 542.28 c
407.48 539.61 409.83 537.47 411.84 535.81 c
413.9 534.13 415.72 532.93 417.31 532.16 c
418.88 531.37 420.26 531.07 421.43 531.18 c
422.58 531.27 423.63 531.78 424.54 532.68 c
425.23 533.38 425.69 534.17 425.91 535.05 c
426.1 535.9 426.1 536.83 425.86 537.85 c
425.62 538.83 425.21 539.9 424.61 541 c
424 542.09 423.25 543.25 422.36 544.45 c
421.46 545.64 420.45 546.88 419.27 548.18 c
418.12 549.44 416.88 550.72 415.56 552.04 c
h
f*
465.15 567.97 m
465.28 567.83 465.39 567.68 465.42 567.54 c
465.48 567.37 465.48 567.21 465.45 567.02 c
465.42 566.82 465.33 566.61 465.15 566.39 c
464.97 566.15 464.74 565.88 464.44 565.57 c
464.12 565.25 463.85 565.03 463.61 564.85 c
463.38 564.67 463.18 564.57 462.98 564.54 c
462.76 564.49 462.61 564.5 462.44 564.55 c
462.3 564.58 462.15 564.7 462.01 564.84 c
457.01 569.84 452 574.85 446.99 579.85 c
445.95 580.9 444.93 581.79 443.95 582.51 c
442.97 583.24 442.03 583.78 441.13 584.13 c
440.21 584.49 439.41 584.6 438.64 584.51 c
437.88 584.41 437.22 584.07 436.63 583.49 c
435.92 582.77 435.59 581.64 435.69 580.13 c
435.77 578.6 436.12 576.61 436.83 574.19 c
442.59 568.43 448.35 562.68 454.1 556.93 c
454.24 556.79 454.35 556.64 454.38 556.49 c
454.44 556.32 454.44 556.17 454.41 555.97 c
454.36 555.75 454.26 555.55 454.08 555.32 c
453.9 555.08 453.68 554.81 453.38 554.51 c
453.1 554.23 452.83 554.01 452.59 553.83 c
452.36 553.65 452.13 553.53 451.94 553.5 c
451.72 553.45 451.57 553.45 451.41 553.53 c
451.27 553.56 451.12 553.67 450.98 553.81 c
445.98 558.81 440.97 563.82 435.97 568.82 c
434.92 569.87 433.89 570.75 432.91 571.47 c
431.92 572.19 430.97 572.72 430.06 573.07 c
429.15 573.43 428.34 573.54 427.59 573.46 c
426.83 573.36 426.18 573.03 425.59 572.45 c
424.87 571.73 424.55 570.6 424.63 569.06 c
424.7 567.53 425.05 565.55 425.79 563.15 c
431.55 557.39 437.3 551.63 443.05 545.88 c
443.19 545.74 443.31 545.59 443.33 545.45 c
443.39 545.28 443.39 545.12 443.37 544.93 c
443.34 544.73 443.24 544.53 443.05 544.29 c
442.87 544.05 442.66 543.79 442.33 543.46 c
442.03 543.16 441.76 542.94 441.52 542.76 c
441.29 542.58 441.09 542.49 440.89 542.46 c
440.68 542.41 440.52 542.41 440.37 542.49 c
440.23 542.52 440.07 542.62 439.94 542.76 c
431.7 551 423.47 559.23 415.23 567.47 c
415.09 567.6 414.98 567.77 414.91 567.91 c
414.86 568.03 414.83 568.22 414.86 568.42 c
414.88 568.61 414.99 568.81 415.13 569.01 c
415.27 569.21 415.51 569.45 415.8 569.74 c
416.08 570.02 416.31 570.25 416.52 570.4 c
416.73 570.55 416.93 570.65 417.11 570.66 c
417.28 570.67 417.47 570.64 417.6 570.61 c
417.75 570.54 417.91 570.42 418.05 570.28 c
419.14 569.2 420.23 568.1 421.32 567.02 c
420.69 569.54 420.52 571.59 420.68 573.24 c
420.83 574.84 421.4 576.11 422.33 577.03 c
423.02 577.73 423.77 578.27 424.59 578.58 c
425.39 578.87 426.21 579.05 427.05 579.07 c
427.92 579.05 428.81 578.9 429.68 578.62 c
430.58 578.31 431.49 577.91 432.44 577.37 c
432.09 578.84 431.92 580.14 431.79 581.28 c
431.65 582.41 431.67 583.4 431.75 584.26 c
431.83 585.12 432.02 585.84 432.27 586.49 c
432.54 587.08 432.91 587.62 433.37 588.08 c
434.46 589.17 435.67 589.83 436.95 590.01 c
438.27 590.15 439.61 590.05 441.01 589.57 c
442.39 589.08 443.82 588.32 445.26 587.28 c
446.71 586.21 448.13 584.99 449.53 583.59 c
454.73 578.39 459.94 573.18 465.15 567.97 c
h
f*
475.72 597.49 m
477.35 595.87 478.62 594.2 479.53 592.51 c
480.46 590.8 481.02 589.13 481.22 587.46 c
481.44 585.79 481.24 584.2 480.67 582.62 c
480.13 581.02 479.15 579.56 477.81 578.22 c
477 577.41 476.14 576.71 475.25 576.21 c
474.34 575.69 473.45 575.28 472.63 575.02 c
471.84 574.72 471.09 574.51 470.43 574.46 c
469.8 574.39 469.38 574.34 469.15 574.39 c
468.92 574.43 468.73 574.46 468.53 574.54 c
468.34 574.63 468.17 574.73 467.93 574.88 c
467.7 575.03 467.47 575.23 467.18 575.49 c
466.91 575.72 466.56 576.03 466.18 576.42 c
465.52 577.08 465.09 577.58 464.94 577.92 c
464.78 578.26 464.76 578.51 464.92 578.68 c
465.04 578.8 465.4 578.89 466.07 578.94 c
466.71 578.98 467.44 579.12 468.32 579.33 c
469.21 579.49 470.13 579.83 471.15 580.24 c
472.17 580.65 473.1 581.31 473.99 582.19 c
474.84 583.05 475.41 583.94 475.77 584.91 c
476.1 585.86 476.23 586.84 476.07 587.85 c
475.92 588.86 475.62 589.87 475.04 590.88 c
474.48 591.85 473.74 592.82 472.83 593.73 c
471.82 594.74 470.79 595.51 469.71 596.03 c
468.63 596.55 467.5 596.83 466.38 596.87 c
465.25 596.91 464.12 596.69 463.05 596.23 c
461.95 595.75 460.9 595.02 459.9 594.02 c
459.1 593.22 458.3 592.42 457.5 591.62 c
457.41 591.53 457.27 591.44 457.09 591.43 c
456.94 591.39 456.73 591.4 456.54 591.49 c
456.33 591.55 456.08 591.68 455.8 591.89 c
455.49 592.09 455.17 592.36 454.78 592.75 c
454.43 593.1 454.18 593.4 453.97 593.69 c
453.78 593.94 453.65 594.2 453.59 594.4 c
453.51 594.59 453.5 594.75 453.51 594.93 c
453.55 595.08 453.62 595.2 453.73 595.31 c
454.44 596.02 455.16 596.74 455.87 597.45 c
456.69 598.27 457.3 599.2 457.64 600.16 c
458 601.13 458.09 602.14 457.98 603.19 c
457.84 604.21 457.51 605.3 456.92 606.36 c
456.36 607.4 455.58 608.42 454.57 609.43 c
453.82 610.18 453.06 610.79 452.21 611.3 c
451.38 611.79 450.56 612.11 449.74 612.29 c
448.93 612.48 448.12 612.43 447.31 612.23 c
446.53 612 445.79 611.52 445.13 610.86 c
444.39 610.13 443.88 609.31 443.59 608.4 c
443.31 607.45 443.1 606.55 442.99 605.72 c
442.89 604.89 442.83 604.14 442.82 603.51 c
442.84 602.86 442.78 602.49 442.65 602.36 c
442.56 602.26 442.45 602.21 442.35 602.21 c
442.24 602.16 442.08 602.21 441.9 602.32 c
441.7 602.39 441.49 602.57 441.23 602.8 c
440.96 603.03 440.65 603.31 440.23 603.72 c
439.95 604 439.71 604.24 439.51 604.48 c
439.34 604.69 439.16 604.9 439.03 605.1 c
438.94 605.28 438.84 605.45 438.75 605.64 c
438.68 605.84 438.62 606.06 438.55 606.38 c
438.5 606.65 438.51 607.15 438.53 607.84 c
438.55 608.53 438.69 609.3 438.9 610.19 c
439.12 611.02 439.48 611.91 439.95 612.83 c
440.43 613.75 441.06 614.59 441.87 615.4 c
443.01 616.54 444.22 617.33 445.49 617.76 c
446.75 618.19 448.07 618.32 449.42 618.13 c
450.75 617.91 452.11 617.46 453.45 616.67 c
454.8 615.87 456.14 614.8 457.43 613.51 c
458.56 612.39 459.48 611.28 460.23 610.11 c
461 608.94 461.55 607.8 461.9 606.67 c
462.25 605.54 462.4 604.43 462.36 603.34 c
462.33 602.25 462.03 601.21 461.49 600.27 c
461.51 600.26 461.53 600.24 461.55 600.22 c
462.54 600.94 463.61 601.42 464.78 601.64 c
465.97 601.83 467.16 601.84 468.41 601.59 c
469.66 601.35 470.91 600.92 472.16 600.23 c
473.42 599.52 474.6 598.62 475.72 597.49 c
h
f*
515.73 600.83 m
516.36 600.2 516.77 599.67 516.98 599.28 c
517.19 598.88 517.16 598.57 516.95 598.36 c
510.89 592.3 504.83 586.24 498.76 580.18 c
498.56 579.98 498.25 579.94 497.86 580.11 c
497.48 580.27 496.95 580.68 496.32 581.31 c
495.69 581.94 495.28 582.47 495.09 582.88 c
494.9 583.29 494.91 583.63 495.11 583.83 c
501.17 589.9 507.23 595.96 513.29 602.02 c
513.5 602.23 513.79 602.24 514.21 602.05 c
514.6 601.84 515.1 601.46 515.73 600.83 c
h
f*
q
0.000008871 0 595.32 841.92 re
W* n
BT
/F1 11.04 Tf
1 0 0 1 72.024 796.08 Tm
/GS8 gs
0 g
/GS9 gs
0 G
[( )] TJ
ET
Q
q
0.000008871 0 595.32 841.92 re
W* n
Q
 EMC /Artifact <</Attached [/Bottom]/Type/Pagination/Subtype/Footer>> BDC q
0.000008871 0 595.32 841.92 re
W* n
BT
/F1 11.04 Tf
1 0 0 1 72.024 38.28 Tm
/GS8 gs
0 g
0 G
[( )] TJ
ET
Q
q
0.000008871 0 595.32 841.92 re
W* n
Q
 EMC  /Span <</MCID 0/Lang (en-ID)>> BDC q
0.000008871 0 595.32 841.92 re
W* n
BT
/F1 11.04 Tf
1 0 0 1 72.024 759.48 Tm
/GS8 gs
0 g
0 G
[( )] TJ
ET
Q
 EMC /Artifact BMC q
-0.000000954 0.00018311 595.32 841.92 re
W* n
/GS8 gs
1 g
-4.3501 -0.12994 599.5 842.05 re
f*
Q
q
-0.000000954 0.00018311 595.32 841.92 re
W* n
1 w
0.0902 0.173 0.318 RG

-4.3501 -0.12994 599.5 842.05 re
S
Q
 EMC q
0.000017856 3.84 594.72 834 re
W* n
 /Span <</MCID 1/Lang (en-ID)>> BDC q
-3.84 3.84 598.56 834 re
W* n
BT
/F2 21.96 Tf
1 0 0 1 213.17 418.39 Tm
/GS8 gs
0 g
0 G
[<0045017D000300040176>17<01C7>-5<019A015A015D017601500003>-4<03F0000301C7>11<017D>-2<01B5>] TJ
ET
Q
q
-3.84 3.84 598.56 834 re
W* n
BT
/F1 21.96 Tf
1 0 0 1 377.71 418.39 Tm
/GS8 gs
0 g
0 G
[( )] TJ
ET
Q
Q
 EMC 